samples/lidar/lidar.asc
ncols        250
nrows        250
xllcorner    277750.0
yllcorner    6122250.0
cellsize     1
NODATA_value      0
[rows 68 to 101 of 250, columns 77 to 153 of 250]
44.44 44.46 44.49 44.51 44.54 44.57 44.60 44.63 44.66 44.70 44.71 44.75 46.76 47.34 49.48 49.04 49.29 47.42 48.02 51.06 50.72 46.31 45.30 45.30 45.32 45.35 45.38 45.41 45.45 45.50 45.53 45.55 45.57 45.60 45.61 45.65 45.82 45.76 46.67 46.42 46.38 45.94 49.65 50.92 49.67 48.16 50.25 46.24 50.04 51.01 48.44 51.84 53.22 51.82 52.49 50.77 50.62 48.64 52.04 54.84 46.72 46.75 46.73 46.75 46.73 46.80 46.89 46.95 46.97 47.00 47.04 47.09 47.15 47.20 47.23 47.24 47.28
44.43 44.46 44.48 44.50 44.52 44.54 44.58 44.60 44.63 44.66 44.69 44.74 46.57 46.21 45.32 47.23 48.73 48.65 45.64 47.77 49.22 46.91 45.35 45.33 45.35 45.37 45.42 45.43 45.49 45.49 45.53 45.56 45.57 45.60 45.62 45.67 45.95 46.28 46.96 46.45 46.66 46.00 49.21 53.15 49.55 50.27 50.38 46.22 48.94 52.02 47.65 52.66 53.31 48.41 53.92 50.00 52.85 53.61 51.29 48.71 46.71 46.75 46.73 46.73 46.73 46.82 46.89 46.95 46.97 47.01 47.06 47.10 47.15 47.20 47.23 47.61 47.31
44.43 44.43 44.47 44.48 45.08 46.27 44.55 44.58 44.62 44.68 44.77 46.35 45.55 45.80 45.59 48.22 49.83 49.31 45.87 45.37 46.24 46.53 46.54 45.36 45.37 45.40 45.43 45.45 45.49 45.52 45.54 45.57 45.58 45.61 45.66 45.68 45.72 45.73 45.80 45.83 45.88 45.93 51.98 52.93 52.24 51.77 49.25 48.53 52.92 52.24 46.31 50.03 49.48 51.68 55.64 48.15 50.59 51.07 52.95 46.74 46.74 46.76 46.75 46.73 46.74 46.83 46.91 46.97 46.99 47.45 47.07 47.11 47.30 47.57 47.24 47.27 47.31
44.39 44.39 44.43 44.45 47.27 48.93 46.17 44.67 44.71 44.75 45.37 46.88 47.08 47.19 46.62 47.99 50.87 48.89 46.43 46.63 45.73 46.39 46.56 45.42 45.42 45.42 45.45 45.47 45.50 45.53 45.55 45.58 45.60 45.63 45.67 45.71 46.79 45.75 45.80 46.42 46.19 45.96 47.04 50.03 52.72 49.46 49.14 51.41 49.99 46.27 46.32 46.36 48.44 51.45 54.86 49.83 50.96 48.40 48.80 46.68 46.72 46.76 46.72 46.73 46.74 46.82 46.91 46.97 46.97 47.01 47.05 47.08 47.13 47.17 47.22 47.26 47.32
48.56 44.67 44.72 44.67 47.15 46.97 49.46 46.29 44.72 44.79 46.93 46.08 47.87 49.56 47.99 49.45 50.01 49.95 47.23 48.89 46.90 46.00 45.46 45.56 45.46 45.46 45.45 45.48 45.51 45.53 45.56 45.61 45.62 45.65 45.69 45.73 46.46 47.04 47.22 46.82 46.72 45.99 46.27 46.31 47.40 48.91 47.24 49.68 51.48 46.29 46.35 46.39 47.34 49.00 50.95 49.31 49.47 46.70 46.61 46.67 46.74 46.76 46.74 46.72 46.74 46.83 46.90 46.96 47.64 47.45 48.21 47.96 47.13 47.18 47.24 47.83 47.65
48.18 44.72 44.71 44.75 49.66 49.12 45.84 44.72 44.71 44.82 46.22 47.98 48.98 48.72 48.66 48.80 49.13 49.14 46.81 45.51 46.30 46.58 46.32 45.50 45.49 45.48 45.49 45.51 45.52 45.55 45.57 45.62 45.65 45.68 45.71 45.74 45.79 45.80 45.87 46.06 45.96 46.29 46.84 46.32 47.45 46.66 46.21 47.23 46.28 46.32 46.36 46.41 48.20 46.60 50.54 50.09 50.08 51.88 51.92 46.68 46.73 46.75 46.75 46.75 46.75 46.84 46.89 46.95 48.80 50.15 50.19 49.43 48.30 47.18 48.84 49.83 49.12
46.03 45.14 44.71 46.67 46.14 44.75 44.77 44.75 44.79 46.52 48.05 48.27 49.02 49.35 49.89 49.63 49.11 47.70 45.50 46.15 45.88 45.88 45.54 45.52 45.53 45.52 45.51 45.52 45.55 45.56 45.58 45.62 45.66 45.69 45.72 45.77 45.81 46.81 47.10 46.25 46.52 46.03 46.21 46.45 46.48 46.19 46.21 46.26 46.29 46.32 46.37 46.42 49.97 50.55 52.48 49.13 50.04 50.42 48.56 46.69 46.73 46.77 46.75 46.72 46.78 46.86 46.90 46.96 48.48 49.70 50.08 49.91 49.51 47.22 49.46 49.72 49.67
45.26 44.97 44.70 44.75 44.77 44.77 44.82 44.85 44.86 46.26 48.31 48.76 48.93 49.35 50.04 50.15 48.10 45.46 45.76 46.65 46.79 46.44 45.88 45.55 45.55 45.56 45.53 45.54 45.56 45.58 45.60 45.61 45.66 45.69 45.74 45.78 45.86 46.53 46.60 46.67 46.53 46.37 46.62 46.69 46.92 47.06 46.50 46.28 46.31 46.33 46.37 50.85 50.48 52.70 53.09 50.57 50.15 49.73 51.12 46.70 46.74 46.76 46.75 46.75 47.20 48.12 48.12 46.95 48.56 49.15 49.48 49.90 49.85 47.24 47.90 48.73 48.58
46.42 46.68 44.73 44.79 44.81 44.83 44.86 44.89 44.90 46.48 48.25 49.70 49.82 50.03 50.13 50.33 50.21 49.14 45.56 45.58 46.67 47.37 47.39 45.57 45.58 45.58 45.56 45.58 45.59 45.60 45.61 45.64 45.68 45.73 45.75 45.80 45.83 45.86 45.93 45.98 46.02 46.53 47.08 47.74 47.89 47.94 47.01 46.28 46.32 46.35 46.38 50.64 50.38 50.88 53.29 50.69 52.66 49.85 51.46 46.73 46.74 46.77 46.74 46.74 47.28 48.02 50.51 49.23 50.30 50.65 50.53 51.43 50.59 49.36 47.30 47.33 49.23
47.07 47.10 44.75 44.82 44.85 44.86 44.89 44.91 45.57 45.17 49.23 49.93 50.16 50.34 50.68 50.24 49.90 46.98 46.04 45.57 45.58 45.88 46.75 45.57 45.59 45.59 45.59 45.59 45.59 45.61 45.62 45.66 45.68 45.73 45.76 45.81 45.84 45.87 45.97 46.00 46.05 46.58 46.17 46.15 46.19 46.25 46.27 46.31 46.34 46.36 46.40 49.72 51.60 50.67 52.05 51.07 50.58 51.03 48.56 46.66 46.75 46.76 46.77 48.23 48.65 49.51 49.20 49.08 51.50 49.19 51.60 52.52 51.19 50.72 48.48 48.00 50.21
47.08 47.11 45.99 44.83 44.86 44.88 44.90 44.92 46.40 48.26 49.70 50.20 50.51 50.16 50.82 49.87 48.40 46.41 46.76 46.88 45.57 45.60 45.61 45.59 45.60 45.62 45.60 45.60 45.61 45.61 45.65 45.67 45.70 45.74 45.78 45.82 45.84 45.90 45.97 46.02 46.06 46.63 46.77 47.10 47.51 47.65 46.96 46.32 46.37 46.40 46.43 46.44 49.58 53.25 53.10 51.52 51.31 46.70 46.64 46.68 46.74 46.78 46.79 48.04 48.23 51.58 49.31 51.24 51.82 50.89 52.53 52.74 51.82 52.42 51.72 49.81 52.07
47.08 47.12 46.01 44.84 44.86 44.88 44.91 44.93 46.70 49.23 49.77 50.47 50.71 50.58 49.50 49.50 48.72 46.66 46.04 47.06 46.97 45.76 45.60 45.59 45.60 45.60 45.61 45.62 45.60 45.61 45.64 45.69 45.71 45.74 45.80 45.84 45.87 45.89 45.99 46.02 46.06 46.41 46.51 46.20 47.29 47.15 47.34 46.34 46.38 46.40 46.44 46.46 46.49 48.58 49.33 46.62 46.64 46.68 46.63 46.67 46.74 46.77 46.78 46.75 47.85 49.87 49.32 50.17 52.28 52.74 51.42 51.53 52.71 51.03 50.68 50.05 52.57
47.09 47.12 47.19 44.85 44.87 44.89 44.93 44.95 46.13 49.19 50.03 50.55 50.89 50.41 49.61 50.67 50.08 45.82 45.82 45.57 45.54 45.58 45.59 45.58 45.60 45.61 45.62 45.61 45.63 45.62 45.64 45.67 45.72 45.74 45.81 45.85 45.91 45.92 46.30 46.07 46.09 46.12 46.51 46.19 46.52 46.76 46.30 46.36 46.38 46.42 46.45 46.48 46.49 46.54 46.58 46.64 46.66 46.69 46.65 46.67 46.74 46.77 46.78 46.77 46.84 47.84 49.17 48.85 52.18 51.36 52.99 51.48 52.10 50.27 51.90 51.44 52.56
47.10 47.13 47.18 44.86 44.87 44.90 44.95 44.95 47.15 49.59 50.15 50.63 50.38 48.20 50.37 50.51 50.31 46.99 46.99 46.10 45.55 45.57 45.60 45.59 45.60 45.61 45.61 45.61 45.62 45.64 45.66 45.69 45.72 45.76 45.82 46.30 46.83 47.31 46.96 46.80 46.11 46.12 47.05 47.37 47.69 47.75 47.06 46.36 46.40 46.41 46.46 46.49 46.51 46.55 46.59 46.64 46.67 46.68 46.66 46.68 46.75 46.77 46.78 46.75 46.84 46.85 48.86 49.62 51.27 50.80 52.15 51.39 52.76 52.21 50.90 51.97 52.10
47.11 47.13 47.18 44.86 44.89 44.91 45.37 45.39 48.53 49.56 49.79 50.24 49.97 50.02 47.23 48.23 45.94 46.05 46.63 45.55 45.55 45.59 45.59 45.59 45.62 45.61 45.62 45.62 45.64 45.65 45.67 45.70 45.73 45.77 45.80 46.02 46.35 46.61 46.93 46.54 46.10 46.13 46.43 46.21 46.58 46.90 46.33 46.37 46.41 46.44 46.48 46.52 46.52 46.55 46.58 46.63 46.67 46.68 46.66 46.68 46.74 46.77 46.77 46.75 46.81 46.83 47.68 48.22 51.81 50.97 52.43 51.06 51.54 49.35 51.32 51.50 51.64
47.09 47.12 47.17 44.85 44.88 45.09 46.02 46.38 47.76 48.42 49.84 50.37 50.15 49.84 47.77 46.13 46.97 46.03 45.56 45.56 45.57 45.58 45.60 45.59 45.62 45.63 45.62 45.63 45.65 45.67 45.68 45.70 45.74 45.78 45.82 45.87 45.90 46.53 46.36 46.19 46.09 46.12 47.06 47.15 47.15 46.82 46.37 46.40 46.42 46.46 46.50 46.54 46.55 46.57 46.60 46.63 46.67 46.68 46.66 46.67 46.74 46.77 46.77 46.75 46.76 46.81 46.88 46.94 49.47 51.40 52.10 50.98 51.42 47.27 50.31 50.11 51.18
47.09 47.13 47.17 44.86 45.03 45.01 46.84 47.13 48.30 49.24 49.89 48.91 50.10 50.15 47.28 45.83 46.50 46.99 45.67 45.55 45.55 45.57 45.61 45.58 45.62 45.64 45.64 45.65 45.67 45.67 45.70 45.71 45.74 45.78 45.84 46.58 47.70 47.73 47.27 47.25 46.10 46.13 46.93 47.13 47.51 47.35 46.39 46.43 46.45 46.49 46.53 46.55 46.57 46.59 46.63 46.65 46.68 46.67 46.66 46.68 46.74 46.79 46.77 46.76 46.74 46.80 46.88 46.94 47.83 49.55 50.22 49.12 47.21 47.26 47.30 47.85 49.48
47.09 47.12 47.17 46.01 46.26 45.44 46.82 48.06 48.14 48.96 49.54 49.07 48.33 48.25 46.99 46.27 45.58 45.91 45.57 45.58 45.58 45.57 45.61 45.60 45.63 45.65 45.66 45.66 45.67 45.70 45.71 45.74 45.76 45.80 45.87 45.92 45.95 45.99 47.26 46.31 46.11 46.15 46.35 46.23 46.28 46.33 46.40 46.43 46.46 46.50 46.53 46.56 46.59 46.61 46.64 46.65 46.70 46.70 46.68 46.68 46.76 46.79 46.78 46.76 46.72 46.79 46.90 46.96 47.04 47.04 47.09 47.15 48.06 47.66 47.33 47.38 48.24
47.09 47.12 47.16 46.45 46.91 47.95 48.13 49.03 48.49 47.64 48.80 46.63 47.01 45.92 46.28 46.96 45.58 45.57 45.58 45.58 45.56 45.57 45.58 45.60 45.63 45.65 45.66 45.67 45.69 45.72 45.74 45.76 45.78 45.81 45.87 46.57 46.67 46.91 46.95 46.39 46.13 46.19 47.14 47.70 47.71 47.01 46.37 46.41 46.46 46.51 46.54 46.56 46.59 46.61 46.64 46.67 46.76 46.79 46.71 46.69 46.74 46.80 46.77 46.76 46.73 46.82 46.90 46.95 47.06 47.07 47.11 48.22 49.00 48.90 47.38 47.78 48.76
47.09 47.13 47.17 47.46 48.82 49.32 49.43 49.09 48.40 48.44 48.30 45.82 46.51 46.98 45.56 45.55 45.57 45.56 45.58 45.58 45.57 45.56 45.59 45.59 45.62 45.64 45.65 45.67 45.70 45.72 45.76 45.78 45.79 45.83 45.95 46.95 47.38 47.39 47.00 46.86 46.17 46.21 46.48 46.29 47.03 46.35 46.38 46.42 46.45 46.50 46.54 46.56 46.59 46.59 47.77 47.99 46.80 46.86 46.75 46.70 46.76 46.78 46.80 46.76 46.75 46.83 46.88 46.96 47.04 48.79 48.03 49.01 50.55 49.59 48.08 48.28 49.09
45.99 46.31 46.45 48.01 48.74 49.34 49.23 48.51 48.41 47.89 46.23 46.35 45.83 45.53 45.67 45.55 45.57 45.57 45.59 45.57 45.57 45.57 45.59 45.59 45.61 45.63 45.65 45.67 45.70 45.74 45.77 45.81 45.82 45.84 45.90 45.95 46.32 46.06 46.17 46.28 46.30 46.22 46.62 46.31 46.29 46.37 46.40 46.42 46.46 46.52 46.79 46.99 46.89 46.82 48.13 48.02 46.80 46.85 46.79 46.69 46.75 46.79 46.81 46.79 46.75 46.83 46.89 46.95 47.03 48.95 50.21 51.93 50.50 50.45 49.36 48.91 48.58
44.87 46.06 46.44 48.77 48.57 48.74 48.85 48.34 49.65 49.72 45.84 46.39 46.90 46.51 45.56 45.56 45.58 45.59 45.59 45.57 45.57 45.58 45.60 45.60 45.61 45.64 45.65 45.67 45.71 45.75 45.78 45.81 45.82 45.87 45.92 46.42 46.69 46.52 46.58 46.65 46.24 46.63 47.01 46.80 46.85 46.39 46.42 46.44 46.47 46.52 46.96 47.92 47.93 47.51 48.48 48.03 46.79 46.86 46.82 46.70 46.77 46.78 46.80 46.79 46.76 46.84 46.90 46.94 47.01 50.74 49.50 51.96 51.82 48.58 48.35 48.60 50.17
44.95 44.96 45.84 48.48 47.73 47.50 49.42 50.15 50.17 49.21 49.64 48.03 46.52 46.92 45.75 45.56 45.58 45.59 45.57 45.57 45.59 45.59 45.60 45.59 45.63 45.62 45.65 45.68 45.72 45.76 45.78 45.82 45.85 45.88 45.93 46.67 47.36 47.46 47.21 46.96 46.23 46.26 46.32 46.35 46.39 46.41 46.46 46.47 46.50 46.52 46.55 46.71 46.87 47.66 49.36 48.02 46.81 46.87 46.82 46.72 46.76 46.79 46.81 46.78 46.77 46.86 46.92 49.14 48.95 52.22 52.81 52.52 50.54 49.21 47.83 47.87 51.03
44.96 45.01 45.01 48.49 48.06 48.82 49.62 50.65 50.49 50.87 51.07 50.51 45.48 45.80 45.52 45.55 45.58 45.58 45.58 45.57 45.58 45.60 45.61 45.61 45.62 45.64 45.67 45.69 45.72 45.76 45.79 45.84 45.85 45.90 45.93 45.97 46.02 46.06 46.11 46.16 46.40 46.29 46.32 46.35 46.39 46.42 46.47 46.49 46.51 46.54 47.97 47.63 47.88 47.65 49.37 48.07 47.01 46.88 46.84 46.73 46.75 46.78 46.81 46.80 46.76 46.86 48.57 49.59 50.43 52.56 51.47 52.72 50.17 48.23 47.42 47.45 49.32
44.99 47.10 47.00 49.53 49.63 49.83 48.51 47.57 47.96 48.53 50.97 50.07 45.50 45.48 45.51 45.55 45.56 45.58 45.57 45.57 45.59 45.59 45.60 45.61 45.62 45.65 45.65 45.70 45.73 45.75 45.79 45.84 45.88 45.91 45.94 46.58 47.23 46.73 46.56 46.40 46.51 46.29 46.33 46.37 46.39 46.45 46.49 46.51 46.55 46.54 47.77 47.44 47.63 47.16 49.38 48.29 47.29 46.90 46.84 46.72 46.75 46.79 46.80 46.80 46.78 46.85 47.99 49.46 52.16 52.76 52.99 52.72 50.38 47.38 47.42 47.43 48.69
45.30 48.76 47.99 49.97 50.07 50.34 49.35 48.09 48.97 49.46 49.41 46.58 47.23 46.85 45.51 45.52 45.55 45.56 45.57 45.56 45.58 45.58 45.59 45.60 45.61 45.65 45.68 45.71 45.73 45.77 45.80 45.85 45.88 45.92 45.95 46.52 47.39 47.24 46.82 46.40 46.43 46.29 46.34 46.37 46.41 46.45 46.51 46.52 46.57 46.56 46.58 46.62 46.65 46.67 49.39 49.28 46.83 46.91 46.84 46.74 46.76 46.79 46.81 46.82 46.79 46.82 48.16 50.66 52.25 52.69 53.33 52.24 49.82 48.72 47.39 47.43 48.25
45.73 49.98 50.01 50.98 50.32 50.62 50.42 50.38 49.59 46.95 46.35 45.42 46.72 47.27 45.75 45.52 45.54 45.54 45.55 45.56 45.59 45.58 45.59 45.59 45.62 45.66 45.69 45.72 45.75 45.80 45.83 45.87 45.91 45.93 45.96 46.00 46.04 46.07 46.18 46.29 46.34 46.30 46.35 46.38 46.42 46.46 46.51 46.54 46.58 46.59 46.62 46.64 46.65 46.69 49.39 49.27 46.85 46.94 46.86 46.74 46.77 46.81 46.82 46.82 46.78 46.78 48.00 48.89 51.21 51.84 53.00 52.81 48.34 47.35 47.38 47.41 47.45
45.03 49.71 49.10 51.28 51.09 51.29 50.65 50.21 49.02 46.21 46.03 46.02 45.39 45.44 45.48 45.51 45.53 45.53 45.53 45.55 45.57 45.58 45.58 45.59 45.64 45.65 45.70 45.72 45.76 45.81 45.83 45.87 45.91 45.95 45.98 46.23 46.57 46.74 46.68 46.61 46.22 47.12 47.20 47.74 47.31 46.89 46.52 46.54 46.58 46.59 46.62 46.64 46.67 46.71 49.40 49.36 48.17 46.90 46.88 46.74 46.78 46.78 46.82 46.82 46.79 46.78 46.92 47.77 49.09 50.52 51.95 49.82 47.30 47.34 47.36 47.40 47.44
46.21 50.04 50.29 51.69 51.55 51.31 50.40 50.52 50.49 47.00 46.71 46.74 46.36 45.43 45.49 45.51 45.53 45.52 45.54 45.53 45.54 45.57 45.59 45.61 45.64 45.66 45.70 45.74 45.77 45.82 45.84 45.88 45.91 45.95 45.99 46.27 46.72 46.99 46.70 46.40 46.19 46.67 46.83 47.05 46.43 46.65 46.52 46.56 46.57 46.59 46.61 46.65 46.66 46.70 49.41 52.09 46.89 46.88 46.87 46.74 46.77 46.80 46.81 46.80 46.81 46.78 46.92 47.00 47.05 47.13 48.28 47.26 47.30 47.33 47.36 47.38 47.42
46.86 50.12 49.86 51.14 51.08 50.57 51.07 50.47 50.37 46.49 45.30 45.33 45.68 45.43 45.48 45.50 45.51 45.50 45.52 45.52 45.54 45.55 45.59 45.60 45.65 45.68 45.71 45.74 45.78 45.84 45.85 45.89 45.90 45.94 45.98 46.02 46.05 46.08 46.10 46.12 46.17 46.25 46.29 46.37 46.44 46.48 46.52 46.53 46.55 46.56 46.59 46.63 46.67 46.72 48.10 52.03 46.92 46.90 46.83 46.75 46.77 46.80 46.83 46.83 46.81 46.80 46.95 47.00 47.08 47.13 47.23 47.30 47.29 47.33 47.36 47.39 47.41
47.15 50.02 50.55 51.24 51.14 51.55 51.20 49.35 49.33 47.82 46.25 46.21 45.86 45.45 45.47 45.49 45.49 45.49 45.49 45.51 45.54 45.56 45.58 45.61 45.67 45.70 45.72 45.75 45.79 45.85 45.85 45.88 45.91 45.95 45.99 46.20 46.24 46.58 46.46 46.34 46.15 46.25 46.28 46.35 46.40 46.45 46.49 46.50 46.52 46.55 46.56 46.62 46.67 46.70 46.81 51.93 46.92 46.91 46.87 46.79 46.77 46.80 46.83 46.82 46.81 46.80 46.98 50.22 48.26 47.13 47.16 47.28 47.31 47.57 47.36 47.39 47.43
47.39 49.88 50.23 51.25 51.37 51.25 51.08 48.08 48.81 47.36 46.89 46.95 46.92 45.45 45.47 45.46 45.45 45.47 45.49 45.51 45.53 45.56 45.59 45.62 45.67 45.69 45.73 45.76 45.80 45.87 45.87 45.90 45.92 45.94 46.01 47.68 47.90 47.89 47.30 46.71 46.16 46.21 46.27 46.31 46.38 46.41 46.44 46.50 46.53 46.56 46.58 46.66 46.69 46.71 46.81 50.65 46.90 46.91 46.89 46.80 46.77 46.82 46.85 46.83 46.82 46.83 48.33 50.78 47.09 47.14 47.17 47.24 47.28 47.30 47.35 47.39 47.41
46.73 49.56 49.57 51.10 50.71 50.78 50.65 47.45 47.10 46.08 45.29 45.34 45.77 45.42 45.43 45.43 45.45 45.46 45.48 45.50 45.54 45.57 45.60 45.60 45.65 45.68 45.73 45.77 45.80 45.84 45.87 45.92 45.93 45.96 46.00 46.74 46.67 46.70 46.52 46.35 46.31 46.27 46.28 46.33 46.43 46.48 46.56 46.54 46.84 46.60 46.64 46.69 46.96 46.74 46.83 46.87 46.88 46.89 46.87 46.79 49.06 46.81 46.85 46.84 46.84 46.86 46.96 50.05 47.08 47.12 47.17 47.23 47.26 47.29 47.35 47.40 47.44
46.41 46.82 47.40 48.17 50.39 49.79 50.51 48.18 46.35 45.28 45.30 45.33 45.35 45.38 45.41 45.42 45.46 45.48 45.51 45.52 45.55 45.58 45.62 45.62 45.66 45.69 45.75 45.78 45.82 45.88 45.96 45.94 45.97 46.01 46.03 46.06 46.15 46.44 46.43 46.42 46.33 46.29 46.36 46.40 46.46 46.49 46.48 46.67 46.55 46.58 46.62 46.67 48.95 46.74 46.81 49.06 48.12 46.86 49.09 46.78 46.77 46.82 46.85 46.88 46.87 46.87 46.91 48.91 47.04 48.67 47.18 47.22 47.28 47.29 49.65 47.40 48.69
