samples/lidar/lidar.asc
ncols        250
nrows        250
xllcorner    277750.0
yllcorner    6122250.0
cellsize     1
NODATA_value      0
[rows 170 to 203 of 250, columns 154 to 230 of 250]
47.52 47.52 47.54 47.89 50.75 51.48 51.51 51.45 49.95 50.79 49.41 51.20 47.85 47.91 48.06 48.10 48.01 48.12 48.21 49.07 50.41 50.67 49.35 51.03 50.54 51.42 51.99 51.33 51.31 49.62 48.47 48.42 48.41 48.48 48.56 48.54 48.52 48.61 49.68 50.11 50.46 52.42 52.07 50.57 50.19 50.45 51.08 52.46 53.33 53.77 54.48 53.99 52.64 49.13 49.20 49.22 49.25 49.31 49.38 49.42 49.47 49.49 49.54 49.59 49.64 49.70 49.71 49.70 49.77 49.81 49.82 49.86 49.90 49.91 49.94 49.95 49.95
47.51 47.52 48.12 49.30 51.31 51.54 51.60 51.34 50.10 49.66 49.27 47.83 47.86 47.99 48.09 48.01 48.03 48.19 48.25 49.08 50.83 50.82 49.85 51.45 50.86 51.11 51.43 50.84 50.01 48.42 48.39 48.38 48.47 48.55 48.52 48.48 48.55 48.66 48.63 49.33 51.26 52.54 52.22 49.89 50.98 52.17 51.92 52.57 53.59 53.75 54.13 53.40 53.47 49.14 49.19 49.22 49.27 49.31 49.37 49.40 49.46 49.49 49.52 49.58 49.62 49.65 49.67 49.68 49.71 49.76 49.79 49.84 49.89 49.92 49.93 49.94 50.43
47.48 49.00 49.01 50.81 51.92 51.84 51.77 50.71 49.54 49.56 49.60 47.79 47.92 48.06 48.00 48.03 48.11 49.18 49.87 48.91 49.81 50.99 51.64 51.31 51.12 51.00 50.68 49.82 48.35 48.41 48.32 48.36 48.52 48.51 48.47 48.50 48.64 48.61 48.54 48.63 50.09 52.49 48.70 48.81 51.52 52.93 53.12 52.52 51.93 53.20 51.53 52.46 52.10 49.14 49.17 49.24 49.28 49.31 49.37 49.41 49.44 49.48 49.52 49.58 49.61 49.62 49.65 49.64 49.71 49.76 49.78 49.84 49.90 49.93 49.92 51.76 52.56
47.49 49.65 51.30 52.12 51.81 51.38 51.32 51.14 50.78 50.22 49.20 47.85 47.98 47.95 47.94 48.06 48.97 50.54 51.27 50.23 49.16 52.39 51.69 52.43 51.97 51.57 51.44 49.50 48.39 48.35 48.29 48.47 49.22 49.39 48.43 48.57 49.09 49.34 48.56 48.72 48.76 48.68 48.74 49.62 52.43 52.68 52.65 53.05 53.25 52.68 51.11 51.97 50.55 49.14 49.19 49.25 49.27 49.30 49.37 49.41 49.45 49.47 49.52 49.58 49.60 49.62 49.63 49.65 49.70 49.75 49.78 49.82 49.89 49.91 49.92 51.33 53.12
48.31 50.95 51.94 52.14 52.27 50.92 51.01 51.08 50.66 48.73 48.41 47.93 47.94 47.89 47.99 48.10 49.26 51.26 51.84 51.73 48.98 50.89 51.47 51.75 51.41 51.79 49.32 48.35 48.33 48.27 49.05 49.95 50.71 51.33 49.34 49.71 50.75 51.02 50.90 49.05 48.64 48.75 48.85 49.70 52.13 53.07 53.53 53.62 53.30 52.03 51.19 50.16 50.52 49.45 49.21 49.26 49.29 49.32 49.37 49.41 49.45 49.47 49.52 49.58 49.61 49.60 49.62 49.65 49.68 49.75 49.80 49.82 49.87 49.90 49.91 50.79 54.26
49.34 51.92 52.31 51.15 51.52 50.97 51.37 50.52 50.62 47.96 48.06 47.92 47.86 47.92 48.05 48.83 50.08 51.39 52.10 51.24 49.66 51.08 52.24 51.38 50.25 49.61 48.34 48.28 48.27 48.35 49.31 50.30 52.11 52.29 51.71 51.38 52.27 52.03 52.57 50.17 48.69 48.84 48.89 49.38 52.34 52.27 53.31 52.64 53.16 51.29 52.12 52.13 51.68 50.88 49.25 49.27 49.30 49.34 49.38 49.42 49.46 49.49 49.54 49.58 49.59 49.60 49.63 49.63 49.68 49.73 49.78 49.80 49.86 49.90 49.93 49.93 49.92
51.13 51.55 51.04 52.26 51.57 49.09 50.94 50.83 50.51 48.31 48.43 47.82 47.90 48.24 49.13 50.25 51.82 51.15 51.16 49.02 49.76 48.88 50.26 49.29 51.03 50.28 48.86 49.12 48.27 48.40 49.49 50.38 51.63 51.87 49.91 51.06 52.01 51.98 52.75 50.86 49.23 48.86 48.76 48.77 50.60 51.04 52.77 52.17 50.83 51.13 52.74 53.24 51.54 51.62 49.56 49.29 49.31 49.35 49.38 49.42 49.47 49.49 49.54 49.58 49.60 49.61 49.63 49.63 49.67 49.71 49.75 49.79 49.86 49.92 49.92 49.93 49.95
51.23 51.85 51.72 49.94 49.92 49.68 49.87 49.94 50.49 47.88 47.82 47.82 47.96 48.09 49.78 50.75 51.80 51.31 50.04 50.52 50.47 49.40 50.06 49.31 51.45 51.15 49.45 50.22 49.59 49.51 48.99 49.71 52.15 52.25 50.55 51.50 51.61 51.79 51.91 49.76 49.87 48.76 48.75 48.86 48.98 50.78 52.04 50.62 51.32 52.85 53.28 53.18 52.78 52.38 51.08 49.69 49.32 49.36 49.39 49.44 49.49 49.50 49.53 49.58 49.60 49.59 49.62 49.63 49.66 49.71 49.75 49.80 49.87 49.90 49.93 49.92 49.94
51.02 51.10 50.73 50.37 51.28 50.55 48.68 48.07 48.91 48.53 47.77 47.89 48.00 47.95 49.35 50.97 51.64 51.30 50.06 50.24 50.33 50.02 50.87 50.19 51.60 50.90 50.17 50.90 49.92 49.57 48.30 48.40 51.34 50.22 50.05 50.82 50.57 52.08 51.64 49.36 48.73 48.74 48.84 49.31 50.50 51.70 52.55 51.25 52.81 52.15 53.01 52.79 52.91 52.51 50.49 49.32 49.32 49.36 49.40 49.45 49.47 49.50 49.53 49.58 49.58 49.59 49.61 49.62 49.67 49.71 49.73 49.79 49.86 49.89 49.94 49.93 49.94
50.15 49.67 48.74 50.03 50.49 49.67 48.22 47.94 48.77 48.54 47.79 47.95 47.90 47.88 48.79 50.27 49.88 49.40 49.52 50.37 51.22 49.33 51.07 49.95 51.16 51.04 49.16 50.24 50.46 49.68 48.39 48.46 50.56 49.73 49.95 49.60 49.89 50.40 52.10 49.26 49.73 49.03 49.57 50.70 52.32 52.79 53.11 51.70 53.00 53.53 53.28 53.77 51.96 52.64 51.47 49.33 49.34 49.37 49.41 49.45 49.49 49.51 49.55 49.57 49.57 49.59 49.61 49.62 49.66 49.71 49.73 49.78 49.85 49.89 49.94 52.42 52.26
49.80 50.04 48.78 49.24 49.45 48.75 47.74 47.76 47.72 48.23 48.05 47.89 48.60 48.86 49.07 48.22 48.28 49.05 49.54 50.55 50.05 49.36 49.00 49.29 50.48 49.27 49.16 49.66 48.59 48.90 48.41 49.24 51.42 50.97 49.37 49.61 50.61 51.07 49.78 50.51 51.10 51.12 50.96 50.87 52.24 52.93 53.14 51.35 51.51 52.85 52.81 53.24 52.77 52.59 50.72 49.34 49.35 49.40 49.42 49.46 49.51 49.52 49.56 49.57 49.58 49.59 49.60 49.62 49.66 49.70 49.72 49.79 49.84 49.89 49.93 53.08 55.54
50.57 51.55 50.61 49.40 49.57 49.23 49.49 47.65 47.67 49.88 49.34 47.80 49.32 49.73 49.54 48.44 49.29 49.79 48.91 48.54 48.59 48.17 48.13 48.45 49.20 48.80 48.25 49.01 48.27 48.38 49.28 50.13 51.37 50.67 50.74 50.45 50.67 50.91 51.04 49.76 52.34 50.89 50.49 51.43 52.20 52.06 51.19 50.13 50.46 50.10 51.77 49.97 51.03 51.90 49.27 49.33 49.36 49.41 49.44 49.47 49.51 49.53 49.54 49.58 49.58 49.58 49.59 49.62 49.65 49.69 49.73 49.80 49.84 49.91 51.07 52.55 56.54
51.30 50.57 49.15 49.38 51.56 51.00 49.83 48.11 48.28 50.09 49.43 47.83 48.93 48.65 49.56 50.00 51.78 51.32 48.33 48.02 48.13 48.14 48.09 48.13 49.79 48.88 49.31 49.04 48.74 49.28 50.38 50.81 50.58 50.12 49.71 50.77 52.14 50.85 50.43 51.47 51.72 52.33 51.25 49.26 51.46 51.00 51.06 49.08 49.66 49.29 49.83 49.50 50.01 49.18 49.28 49.37 49.39 49.41 49.46 49.49 49.51 49.52 49.55 49.57 49.58 49.59 49.60 49.62 49.65 49.69 49.73 49.81 49.85 49.90 50.93 54.50 55.97
50.56 50.71 50.14 49.71 50.04 51.22 50.15 47.71 48.31 48.83 49.22 48.64 47.96 47.89 49.31 49.90 49.36 51.06 47.96 49.16 50.24 49.58 49.87 48.23 48.51 49.31 50.08 50.85 49.83 50.21 51.51 51.41 51.07 50.18 50.25 50.96 51.88 51.07 51.05 50.35 52.27 51.83 49.86 48.90 51.30 51.32 50.28 49.08 49.00 49.00 49.12 49.21 49.30 49.16 49.29 49.36 49.39 49.41 49.46 49.49 49.52 49.54 49.57 49.58 49.58 49.60 49.61 49.62 49.65 49.70 49.76 49.82 49.84 49.91 49.91 51.58 54.13
48.59 47.37 48.81 51.38 50.14 49.86 49.17 47.80 49.42 49.90 50.55 49.66 48.93 47.83 49.63 49.96 49.10 47.93 48.02 50.40 51.56 52.27 52.19 50.04 49.27 49.28 50.69 51.07 50.69 51.57 52.25 51.69 51.09 51.21 49.99 51.20 50.83 49.87 49.19 50.69 49.65 48.77 49.92 50.30 52.40 52.26 51.75 49.60 49.00 49.08 49.17 49.14 49.14 49.29 49.33 49.34 49.39 49.43 49.48 49.50 49.54 49.56 49.58 49.59 49.59 49.58 49.60 49.61 49.66 49.68 49.73 49.81 49.86 49.90 49.90 49.89 50.52
47.38 47.41 48.52 51.10 49.81 50.06 49.04 48.28 50.82 52.20 52.20 49.84 48.52 47.86 48.01 47.91 48.40 48.01 48.73 51.68 51.81 52.64 52.68 52.04 49.85 49.69 50.32 50.51 50.44 51.28 51.61 52.32 50.80 49.87 52.04 50.79 48.55 48.70 48.71 48.64 48.69 48.85 51.33 52.94 53.38 53.55 52.92 50.77 49.09 49.13 49.09 49.07 49.12 49.31 49.31 49.34 49.39 49.43 49.49 49.51 49.54 49.56 49.59 49.58 49.59 49.60 49.60 49.61 49.65 49.69 49.72 49.78 49.85 49.90 49.89 49.87 49.87
48.95 49.03 47.95 48.18 47.49 47.80 47.56 48.28 49.67 51.11 51.95 48.85 48.89 47.92 47.94 47.83 47.94 48.07 49.33 51.81 52.06 50.72 51.63 51.03 50.22 50.79 49.58 49.16 49.90 52.29 50.76 49.38 50.82 50.91 50.47 49.06 48.65 48.67 48.62 48.63 48.76 48.80 52.39 53.27 53.77 53.96 53.48 51.06 49.14 49.10 49.04 49.12 49.21 49.21 49.25 49.34 49.38 49.43 49.49 49.51 49.54 49.57 49.59 49.59 49.59 49.59 49.60 49.60 49.66 49.69 49.73 49.80 49.85 49.87 49.88 49.87 49.87
49.64 50.26 48.94 47.45 47.95 48.53 47.93 48.23 48.53 50.75 50.75 49.33 49.72 48.42 47.82 47.86 48.02 47.97 48.86 50.18 50.52 52.21 49.43 49.29 49.68 50.95 50.00 50.33 49.97 51.00 50.78 52.12 52.07 51.46 51.37 48.56 48.88 48.58 48.60 48.74 48.80 48.75 52.39 52.31 53.66 54.01 51.94 49.78 49.10 49.05 49.07 49.16 49.18 49.12 49.21 49.36 49.41 49.46 49.48 49.51 49.53 49.57 49.60 49.58 49.60 49.59 49.59 49.62 49.66 49.71 49.74 49.82 49.84 49.86 49.88 49.87 49.85
50.22 51.03 48.10 47.52 47.66 48.59 49.10 49.69 49.05 48.45 48.55 48.35 49.67 48.63 47.81 47.88 47.99 47.94 47.92 49.68 49.18 49.95 48.11 48.64 49.50 50.43 50.53 49.53 49.63 48.27 49.40 50.41 51.02 49.50 48.51 48.64 48.91 48.57 48.80 48.78 48.71 49.23 50.16 51.88 53.71 53.11 50.14 49.06 49.01 49.01 49.13 49.16 50.75 50.32 49.69 49.41 49.44 49.44 49.49 49.51 49.54 49.57 49.60 49.59 49.59 49.59 49.59 49.62 49.65 49.69 49.74 49.81 49.83 49.86 49.87 49.85 49.85
49.59 50.04 48.49 47.50 48.60 48.91 50.60 51.58 50.09 48.65 48.14 48.06 48.42 48.21 47.83 47.77 48.29 48.69 49.06 48.08 48.03 48.01 48.16 49.32 49.63 51.28 51.53 50.89 49.28 48.88 48.45 49.36 49.05 48.96 48.63 49.52 49.59 49.81 48.92 48.69 48.66 48.74 48.89 50.45 50.20 50.73 51.35 48.96 48.94 49.08 49.09 49.68 52.52 52.48 49.80 49.39 49.44 50.43 50.30 50.13 49.52 49.57 49.58 49.60 49.60 49.57 49.59 49.61 49.66 49.68 49.72 49.80 49.84 49.87 49.86 49.85 49.81
49.14 48.88 47.74 47.40 48.44 49.98 51.31 50.79 50.70 49.04 48.31 48.55 48.40 47.74 47.78 48.15 49.21 49.36 49.42 47.97 47.98 48.08 48.21 48.48 50.00 51.97 51.74 49.20 49.46 48.97 49.23 49.72 50.17 49.91 48.82 50.31 51.11 51.14 49.63 50.12 50.16 50.10 49.27 49.89 49.78 49.35 49.90 49.75 48.98 49.07 48.98 50.24 52.32 52.54 49.96 50.93 51.07 51.85 51.40 50.01 49.51 49.56 49.58 49.61 49.60 49.59 49.59 49.61 49.66 49.68 49.73 49.79 49.83 49.87 49.85 49.85 49.80
49.43 49.40 48.81 47.33 49.53 50.08 50.09 50.08 48.42 49.21 50.39 49.99 49.06 48.56 47.68 48.82 50.64 49.74 48.84 49.09 48.31 48.20 48.48 48.79 49.53 50.17 49.83 48.73 49.61 49.42 48.82 50.54 51.01 50.14 49.28 51.11 51.27 51.83 49.99 51.13 51.29 51.83 49.63 50.37 50.58 49.53 48.87 48.92 49.04 49.46 48.97 49.06 51.70 52.69 53.23 54.19 53.86 53.56 52.71 52.55 49.51 49.56 49.59 49.60 49.59 49.58 49.59 49.61 49.66 49.69 49.73 49.78 49.82 49.86 49.83 49.85 49.80
49.13 48.77 49.06 47.83 47.31 48.57 48.97 49.05 48.33 50.22 51.30 50.83 51.10 49.66 48.04 48.24 50.14 49.33 49.65 50.90 49.40 48.18 48.47 49.12 50.16 49.65 50.20 48.65 48.42 49.54 49.80 50.96 50.17 50.42 49.88 50.32 50.47 50.77 51.07 52.18 51.93 50.88 49.61 50.66 49.78 49.75 48.89 49.01 49.78 50.26 51.04 50.30 52.22 54.73 55.06 53.85 52.79 53.11 51.79 50.20 49.50 49.54 49.58 49.58 49.59 49.58 49.58 49.62 49.66 49.69 49.74 49.80 49.83 49.85 49.82 49.83 49.79
48.47 49.27 49.78 49.07 48.23 47.58 47.92 48.22 48.29 50.70 50.83 50.99 51.29 50.35 49.15 48.92 49.00 49.47 49.94 51.59 49.81 49.42 48.13 49.18 49.58 48.64 49.32 48.37 49.48 49.89 51.24 50.74 49.66 49.41 49.83 49.71 50.55 49.20 50.12 52.00 50.54 50.09 49.44 50.13 49.22 49.54 48.99 49.03 50.78 51.18 53.17 51.70 54.11 54.81 54.94 54.26 54.32 51.88 50.31 49.97 49.49 49.54 49.57 49.57 49.56 49.58 49.60 49.62 49.65 49.70 49.74 49.80 49.84 49.84 49.83 49.84 49.80
48.56 48.90 50.95 49.85 49.09 47.79 48.17 48.02 48.20 47.64 50.11 51.68 51.00 50.93 50.45 49.52 49.53 49.11 50.61 52.01 50.24 49.30 48.69 48.25 49.21 49.68 50.69 49.24 49.51 51.94 51.08 50.98 48.83 48.86 50.87 50.51 51.59 50.05 48.95 50.57 50.41 51.45 50.59 50.90 49.42 49.23 49.01 50.01 51.04 53.24 53.62 54.22 54.28 54.45 54.36 54.11 52.73 50.15 49.41 49.44 49.49 49.54 49.57 49.56 49.56 49.58 49.59 49.61 49.66 49.70 49.76 49.81 49.83 49.83 49.84 50.75 49.80
49.10 48.04 51.16 48.90 49.50 47.78 47.94 47.76 47.62 47.67 49.32 50.02 50.14 50.92 50.27 49.51 49.74 49.74 50.28 50.34 49.60 49.78 48.20 48.53 49.53 50.24 51.35 50.95 50.16 49.74 51.52 50.47 49.54 49.98 51.17 51.35 51.71 51.78 50.26 50.46 50.92 51.20 52.03 51.03 50.29 49.63 48.92 49.85 51.21 52.76 53.11 53.95 54.29 54.46 54.41 53.46 51.88 50.89 49.40 49.44 49.48 49.51 49.53 49.54 49.56 49.58 49.60 49.61 49.65 49.71 49.77 49.82 49.85 51.08 52.91 53.42 53.58
48.72 48.59 49.79 48.92 48.65 47.62 47.66 47.53 47.59 47.80 48.69 49.42 48.83 50.24 49.93 48.95 49.53 49.15 50.54 49.01 49.03 49.96 49.28 50.03 48.60 51.35 49.97 48.23 48.66 50.91 51.66 50.49 48.51 50.77 52.16 52.45 51.98 52.66 51.51 50.39 52.20 51.78 50.54 50.46 49.81 50.00 49.10 48.89 50.24 50.78 51.40 50.91 54.13 53.92 53.83 52.30 52.11 51.41 49.39 49.43 49.46 49.49 49.51 49.53 49.56 49.56 49.60 49.61 49.67 49.73 49.78 49.84 49.84 53.17 56.47 56.88 56.63
48.43 48.65 49.10 48.30 47.87 47.71 47.62 47.57 48.00 49.69 50.07 49.98 48.40 49.61 47.92 49.32 49.18 48.48 48.04 48.59 48.31 49.42 50.76 50.77 49.99 49.89 48.21 48.30 48.81 49.69 50.61 50.01 48.47 50.60 52.91 52.92 52.56 51.85 50.47 49.69 50.45 51.67 50.32 51.84 51.58 50.24 49.62 49.07 48.97 48.91 49.01 49.13 51.88 50.43 51.40 52.29 53.84 53.76 50.09 49.44 49.45 49.46 49.49 49.52 49.54 49.56 49.60 49.64 49.69 49.76 49.80 49.85 51.02 55.56 56.84 57.17 57.10
48.15 47.39 47.81 48.20 48.20 48.30 48.73 49.54 48.88 51.41 51.58 49.83 49.89 48.64 48.09 49.29 49.90 47.83 47.88 48.03 47.97 48.78 50.95 50.57 48.36 48.88 48.24 48.38 49.58 49.38 50.85 51.27 48.94 49.55 52.32 51.69 52.43 51.96 48.72 48.74 50.28 50.72 50.59 52.28 48.77 49.44 48.93 49.72 48.91 49.47 49.51 49.32 49.28 49.18 51.46 51.21 53.30 53.46 50.18 49.43 49.45 49.45 49.49 49.50 49.53 49.59 49.61 49.65 49.72 49.77 49.80 49.84 51.47 55.52 56.46 56.99 56.58
48.75 47.59 48.11 48.01 48.91 49.23 49.56 49.73 51.17 51.66 51.88 50.31 49.98 49.80 47.98 48.04 47.93 47.84 48.03 48.10 47.99 48.04 48.84 48.96 48.91 48.17 48.29 48.32 49.47 50.06 49.68 50.73 49.52 50.16 51.13 50.71 51.47 49.50 48.71 50.25 50.32 50.97 51.72 50.99 49.12 49.53 49.03 48.87 48.91 49.01 49.03 49.26 49.12 49.49 49.87 50.71 50.13 50.10 49.40 49.43 49.44 49.44 49.48 49.51 49.54 49.59 49.62 49.66 49.73 49.79 49.82 49.83 49.83 54.40 55.60 56.04 56.11
49.38 47.69 48.09 47.78 49.88 50.61 50.62 49.20 50.42 51.90 50.78 50.28 49.69 49.43 48.17 47.99 47.93 47.93 47.95 48.01 48.29 48.29 48.93 49.44 49.43 49.91 48.52 48.25 49.22 49.28 50.80 51.14 49.99 50.79 51.47 49.20 48.55 48.66 49.58 51.23 51.47 52.07 50.52 49.20 48.85 50.15 49.38 50.35 49.88 50.35 50.23 50.14 49.12 49.32 51.08 49.71 49.84 50.14 49.42 49.43 49.44 49.45 49.48 49.52 49.55 49.59 49.64 49.68 49.76 49.80 49.83 49.83 49.83 51.88 51.31 52.02 50.83
48.59 47.50 47.66 48.19 50.75 50.66 49.63 49.96 49.90 51.80 49.76 49.77 48.92 48.63 48.47 48.26 48.74 48.02 47.94 47.99 48.21 48.21 50.12 50.04 51.71 51.46 48.79 50.30 49.58 48.70 50.00 50.54 50.92 51.89 51.52 48.52 48.60 48.63 49.74 52.23 52.49 52.37 51.36 49.10 49.46 50.36 50.23 51.99 52.03 51.40 53.45 51.96 50.91 49.12 49.19 49.23 49.56 49.80 49.59 49.41 49.44 49.45 49.46 49.51 49.56 49.59 49.63 49.68 49.75 49.81 49.83 49.82 49.84 49.85 49.81 49.79 49.76
47.46 47.43 47.46 47.70 50.32 50.25 49.52 49.72 49.42 51.24 50.03 48.88 49.11 50.59 48.27 50.12 51.13 48.77 47.92 48.01 48.17 48.58 50.35 52.06 52.01 50.94 50.33 51.03 51.30 49.46 48.28 50.42 51.99 51.25 50.13 48.57 48.65 48.55 49.03 51.92 51.96 51.97 50.42 48.86 49.16 51.49 51.89 52.76 54.27 54.58 54.88 54.83 53.64 49.67 49.20 49.26 49.27 49.32 49.38 49.40 49.43 49.44 49.47 49.53 49.57 49.59 49.64 49.68 49.76 49.81 49.83 49.81 50.58 51.96 51.60 49.79 49.73
47.66 49.06 49.54 48.47 48.40 49.37 50.57 49.58 50.76 48.81 49.22 50.44 50.28 50.81 47.80 51.38 49.49 49.62 49.01 48.10 48.11 48.70 51.56 51.54 49.68 50.38 49.43 52.05 50.56 50.18 48.45 49.00 49.40 49.96 48.93 48.63 48.55 48.56 48.69 48.70 48.63 48.67 48.82 49.01 49.71 51.39 53.09 52.56 54.50 55.00 54.99 55.24 54.22 51.06 49.21 49.26 49.27 49.32 49.37 49.40 49.42 49.43 49.47 49.53 49.57 49.61 49.64 49.70 49.76 49.81 49.82 51.52 53.02 55.67 53.68 51.53 50.12
