samples/lidar/lidar.asc
ncols        250
nrows        250
xllcorner    277750.0
yllcorner    6122250.0
cellsize     1
NODATA_value      0
[rows 204 to 237 of 250, columns 154 to 230 of 250]
48.97 50.09 51.74 51.09 48.91 49.43 48.95 49.21 49.27 48.61 48.86 50.02 48.63 48.91 48.24 50.95 50.80 51.53 50.77 48.96 48.01 49.32 49.84 49.77 49.32 49.44 48.98 51.29 49.68 48.87 48.39 48.58 48.76 48.49 48.59 49.97 49.62 48.64 48.70 48.62 48.65 50.07 50.02 49.96 49.27 51.66 51.21 52.22 54.18 54.65 55.05 54.56 54.46 51.41 49.22 49.26 49.27 49.31 49.36 49.40 49.42 49.44 49.48 49.54 49.57 49.63 49.67 49.71 49.77 49.81 49.82 54.46 55.87 56.72 56.33 53.74 50.09
48.65 52.62 51.84 50.70 50.97 49.25 49.65 48.68 49.23 47.80 47.85 49.87 48.70 48.56 47.77 49.55 50.48 52.10 51.93 49.43 48.63 48.39 49.90 49.28 48.15 49.18 49.13 49.25 49.03 48.58 48.26 48.32 48.51 48.95 49.31 51.94 51.73 50.42 49.63 48.60 48.77 49.52 51.07 52.06 52.44 50.88 49.87 48.87 51.54 53.60 53.77 54.06 54.03 51.72 49.21 49.25 49.27 49.31 49.37 49.39 49.41 49.43 49.47 49.54 49.58 49.62 49.68 49.73 49.77 49.82 49.82 55.63 57.10 56.76 56.90 55.80 51.11
49.36 51.66 52.37 49.28 50.03 50.14 49.10 48.39 49.31 48.27 47.75 49.72 50.24 50.19 47.84 49.41 51.58 51.86 52.10 50.04 49.76 49.23 48.05 48.27 49.24 49.79 49.73 49.76 50.29 49.13 48.21 48.33 48.66 49.23 49.92 52.69 52.88 50.97 50.65 50.22 49.58 50.67 52.17 52.50 52.68 52.22 51.55 49.90 49.02 50.31 50.34 51.66 51.49 50.16 49.22 49.24 49.26 49.31 49.37 49.39 49.41 49.43 49.49 49.54 49.58 49.63 49.69 49.72 49.79 49.80 49.82 54.79 56.44 56.88 56.19 55.05 50.92
51.02 50.42 48.47 47.60 48.88 49.15 49.13 49.01 48.13 48.64 49.41 50.77 51.26 49.51 48.15 47.91 48.70 51.63 50.93 49.08 50.90 50.88 49.24 48.44 49.85 50.75 52.14 51.46 50.81 48.77 48.97 48.38 48.42 49.52 52.38 52.90 53.00 53.21 51.96 52.49 49.74 48.69 50.99 51.99 52.59 52.43 49.68 49.01 48.97 48.97 49.04 49.10 49.14 49.19 49.22 49.24 49.28 49.33 49.36 49.38 49.41 49.46 49.51 49.54 49.57 49.64 49.68 49.72 49.79 49.80 49.81 49.82 56.26 55.74 55.22 52.44 49.65
50.68 50.26 48.60 48.56 48.29 49.00 49.43 49.50 50.44 47.89 49.37 50.10 51.28 49.79 49.17 47.98 47.94 50.15 48.98 49.32 50.22 49.80 48.13 49.64 50.73 50.83 52.28 51.57 49.80 49.01 50.45 49.43 48.37 48.91 49.88 51.15 52.35 51.93 52.09 52.11 51.49 48.69 50.38 51.87 52.51 49.61 48.98 48.95 48.97 49.00 49.06 49.10 49.14 49.18 49.21 49.25 49.28 49.34 49.36 49.39 49.42 49.46 49.50 49.55 49.59 49.66 49.69 49.74 49.80 49.79 49.81 49.81 49.79 49.74 50.06 50.06 49.84
49.18 49.19 48.10 49.08 48.38 49.27 50.22 51.11 50.95 48.75 49.94 49.49 49.32 48.55 49.16 49.20 48.26 50.59 50.74 49.15 49.33 48.09 48.56 50.80 52.18 52.10 50.93 51.70 50.27 49.58 50.18 49.64 48.38 48.58 48.37 51.66 51.03 52.62 52.72 49.35 51.44 48.78 48.85 48.73 48.82 48.93 48.93 48.92 48.98 49.03 49.07 49.10 49.14 49.19 49.22 49.25 49.29 49.33 49.35 49.40 49.44 49.47 49.51 49.57 49.60 49.66 49.70 49.75 49.80 49.78 49.81 49.81 49.78 49.75 49.88 50.57 50.04
47.51 47.55 47.97 48.23 47.61 48.79 49.30 50.03 51.04 50.91 51.17 49.78 47.76 48.67 49.17 48.35 48.36 50.44 51.10 48.03 49.38 49.38 49.80 51.33 52.23 52.22 50.69 51.44 49.92 49.63 49.69 48.37 48.50 49.68 49.48 51.95 52.82 51.38 52.75 50.94 52.17 50.95 48.75 48.78 48.91 48.92 48.91 48.95 49.01 49.05 49.07 49.10 49.14 49.20 49.24 49.27 49.30 49.32 49.36 49.39 49.45 49.49 49.51 49.56 49.60 49.69 49.71 49.78 49.78 49.79 49.80 49.77 49.75 49.74 51.03 51.07 49.66
47.50 47.56 47.55 47.55 47.67 48.34 48.10 49.31 51.84 52.08 51.69 48.85 50.10 48.79 47.84 47.85 47.95 49.23 49.73 49.09 50.37 48.87 49.93 51.87 52.36 52.16 52.13 51.45 49.69 50.54 48.55 48.51 50.58 50.51 51.04 51.94 52.24 51.99 52.58 52.87 52.44 51.13 48.73 48.86 48.93 48.88 48.92 48.97 49.02 49.06 49.08 49.11 49.16 49.21 49.25 49.28 49.31 49.34 49.38 49.41 49.44 49.47 49.51 49.55 49.62 49.70 49.74 49.78 49.77 49.78 50.10 49.78 49.72 49.68 51.07 50.37 49.67
47.58 47.56 47.52 47.57 47.66 48.09 48.51 49.10 51.56 50.31 51.69 49.57 50.42 48.84 48.73 47.91 48.00 47.95 49.41 49.26 50.61 48.41 49.73 51.73 51.67 51.83 51.83 52.19 51.07 50.25 48.64 49.19 51.57 52.22 51.61 51.94 52.66 52.67 52.03 51.42 52.44 52.60 49.57 48.87 48.84 48.88 48.95 49.01 49.04 49.07 49.09 49.12 49.17 49.22 49.25 49.29 49.33 49.36 49.38 49.42 49.44 49.48 49.51 49.56 49.64 49.73 49.76 49.76 49.76 49.78 50.32 51.24 49.97 49.59 49.64 49.66 49.68
47.80 47.51 47.69 47.56 47.59 47.57 47.99 48.95 50.33 48.62 51.76 51.79 51.55 48.65 48.46 48.67 49.01 49.97 49.39 49.07 50.96 49.55 50.61 51.37 50.57 49.95 50.38 50.88 50.45 49.26 48.65 49.34 51.78 52.29 51.99 52.12 51.33 51.92 52.52 51.78 51.73 50.70 48.88 48.83 48.83 48.89 48.96 49.02 49.06 49.09 49.09 49.13 49.19 49.22 49.25 49.30 49.34 49.41 49.44 49.45 49.45 49.49 49.53 49.57 49.66 49.74 49.76 49.74 49.73 49.77 50.65 51.73 49.69 49.78 49.61 49.64 49.69
48.37 49.24 48.89 48.28 47.56 47.57 47.96 49.06 49.74 50.83 50.91 50.81 50.45 48.63 49.24 50.12 50.67 51.79 49.11 49.78 50.58 50.95 51.48 50.67 49.85 49.49 49.66 49.97 49.51 48.29 48.47 48.96 51.11 52.38 51.68 52.37 51.46 51.30 51.88 52.38 51.56 49.63 48.81 48.80 48.85 48.91 48.98 49.04 49.08 49.10 49.12 49.16 49.21 49.23 49.26 49.28 49.35 49.41 49.45 49.47 49.51 49.57 49.59 49.62 49.68 49.74 49.74 49.73 49.72 49.72 49.69 50.24 49.93 50.47 50.10 49.67 49.72
49.20 50.73 50.76 49.31 47.87 47.58 47.65 48.66 50.02 49.45 52.22 49.92 50.19 49.40 50.19 51.35 52.59 51.85 51.29 49.95 51.92 50.10 50.43 50.02 50.31 50.76 50.29 48.79 48.26 48.41 48.41 48.40 49.83 50.80 52.20 50.89 49.50 50.47 52.00 51.50 51.45 49.10 49.48 48.82 48.85 48.92 48.99 49.05 49.07 49.11 49.13 49.18 49.20 49.23 49.24 49.27 49.35 49.41 49.47 49.46 49.52 49.62 49.65 49.66 49.69 49.73 49.70 49.72 49.72 49.69 49.66 49.67 50.31 50.61 49.64 49.68 49.74
49.43 49.43 49.61 50.39 49.23 49.09 47.77 48.94 50.45 50.61 51.05 50.10 50.67 50.21 50.45 52.17 52.65 52.36 51.26 50.72 51.12 49.62 51.74 51.01 51.42 51.36 51.29 48.34 49.01 48.39 48.36 48.46 48.53 48.75 49.97 49.64 50.53 51.52 52.56 52.57 51.87 50.47 49.86 48.83 48.88 48.93 49.01 49.03 49.09 49.11 49.15 49.16 49.19 49.22 49.26 49.29 49.34 49.40 49.44 49.46 49.54 49.61 49.65 49.66 49.71 49.72 49.71 49.71 49.72 49.69 49.67 49.89 51.00 50.96 49.65 49.68 49.74
49.24 48.58 49.94 51.15 50.21 49.50 48.36 48.46 48.70 49.83 49.52 49.74 51.56 51.39 50.30 51.33 51.71 52.34 50.42 51.77 51.07 49.45 50.44 50.05 50.06 50.98 49.75 48.37 49.92 50.48 49.89 49.05 48.45 48.74 49.44 49.93 50.99 52.05 52.43 52.46 51.79 51.03 48.81 48.84 48.87 48.95 49.01 49.06 49.09 49.12 49.14 49.16 49.17 49.22 49.24 49.30 49.33 49.38 49.43 49.46 49.54 49.58 49.63 49.66 49.70 49.70 49.70 49.71 51.29 49.70 49.68 50.58 50.77 49.66 49.67 49.69 49.73
48.85 48.46 50.34 50.50 48.39 50.50 48.76 48.95 47.72 47.73 47.79 48.49 50.88 49.09 47.94 48.73 49.44 51.07 50.54 50.49 51.28 50.09 51.15 51.50 49.38 48.22 49.11 49.72 50.88 51.26 52.78 49.80 49.62 49.89 49.02 50.06 50.14 51.21 52.19 52.55 52.46 51.07 48.81 48.85 48.89 48.95 49.01 49.06 49.09 49.11 49.12 49.14 49.18 49.24 49.26 49.30 49.31 49.38 49.42 49.45 49.52 49.56 49.59 49.66 49.70 49.69 49.71 51.32 51.77 51.21 49.63 49.59 50.16 49.65 49.69 49.71 49.73
49.10 49.33 50.33 50.33 49.98 50.60 48.49 49.26 48.10 47.77 47.82 47.82 48.49 47.89 48.00 48.78 50.06 51.28 50.52 50.57 50.64 50.16 50.44 50.62 49.73 49.53 49.47 49.14 52.67 51.81 52.83 50.55 49.23 49.11 50.54 49.82 50.23 51.79 51.88 51.21 51.99 49.21 48.82 48.85 48.90 48.96 49.01 49.06 49.09 49.10 49.14 49.14 49.19 49.24 49.26 49.30 49.32 49.38 49.40 49.47 49.53 49.58 49.61 49.66 49.67 49.69 52.93 53.50 54.65 53.40 50.75 49.61 49.63 49.66 49.70 49.71 49.74
49.69 49.56 50.97 50.96 49.71 50.99 50.53 50.27 48.19 48.25 47.83 47.78 47.83 47.93 47.94 49.38 51.53 51.80 52.21 51.49 51.43 49.93 49.62 51.07 51.51 50.60 49.79 49.26 50.41 50.25 52.87 51.92 49.34 48.51 49.48 51.71 51.66 51.47 50.60 49.49 48.98 48.76 48.81 48.87 48.91 48.97 49.03 49.05 49.09 49.10 49.10 49.14 49.20 49.24 49.28 49.30 49.32 49.35 49.42 49.48 49.55 49.59 49.63 49.66 49.66 49.69 52.77 55.07 54.88 54.36 50.41 50.32 49.65 49.67 49.72 49.71 49.73
51.52 49.45 50.19 50.49 50.76 50.93 51.36 50.75 49.21 49.44 48.76 48.24 47.89 47.88 47.89 49.24 51.73 51.81 52.13 52.12 52.05 50.84 51.56 52.10 52.15 51.59 50.44 49.60 49.95 51.29 51.31 52.43 51.31 49.78 49.94 51.35 51.88 51.97 49.91 49.56 48.74 48.76 48.84 48.89 48.94 48.98 49.04 49.06 49.07 49.08 49.11 49.14 49.20 49.26 49.27 49.29 49.33 49.37 49.44 49.50 49.56 49.62 49.66 49.66 49.66 49.70 51.18 54.36 54.60 54.72 50.93 49.89 49.66 49.69 49.71 49.71 49.67
51.37 49.64 49.58 50.69 50.12 51.19 49.72 50.80 50.19 49.70 49.92 49.61 49.89 47.88 47.89 48.85 50.66 50.76 51.92 52.24 51.33 50.77 52.00 52.54 52.34 52.43 51.72 50.23 51.81 52.31 51.74 52.43 52.16 50.85 50.41 50.68 51.76 49.69 50.33 48.69 48.74 48.77 48.86 48.91 48.96 49.00 49.03 49.06 49.05 49.08 49.09 49.14 49.19 49.25 49.26 49.29 49.33 49.38 49.46 49.55 49.59 49.64 49.67 49.64 49.67 49.68 49.65 49.64 50.28 50.92 50.96 49.62 49.67 49.70 49.73 49.68 49.67
50.60 49.17 49.73 50.87 50.86 51.03 50.90 50.85 51.04 50.53 52.35 51.48 49.39 49.16 47.91 47.95 49.05 49.60 50.81 51.33 50.38 50.61 51.69 52.01 52.45 51.97 52.11 50.41 51.83 51.71 52.49 51.81 52.08 52.27 51.90 49.87 49.56 49.10 48.66 48.69 48.74 48.81 48.89 48.93 48.95 48.99 49.03 49.05 49.05 49.08 49.09 49.13 49.19 49.24 49.26 49.28 49.31 49.40 49.51 49.57 49.61 49.64 49.65 49.64 49.67 49.64 49.62 49.62 49.58 50.12 50.88 49.62 49.67 49.71 49.74 49.68 49.65
49.67 48.57 50.53 49.95 50.41 50.05 51.35 50.97 50.97 49.96 52.30 51.18 49.60 50.22 49.22 48.86 47.97 48.59 50.95 51.40 48.89 49.28 49.57 51.07 52.25 52.57 51.75 51.83 51.18 51.66 52.48 51.17 51.12 51.60 51.57 50.74 48.76 48.65 48.66 48.69 48.76 48.83 48.91 48.93 48.95 49.00 49.03 49.05 49.06 49.09 49.11 49.14 49.18 49.23 49.25 49.30 49.32 49.40 49.48 49.56 49.62 49.63 49.62 49.64 49.65 49.63 49.60 49.61 49.54 49.57 49.56 49.65 49.67 49.70 49.67 49.65 49.64
49.79 49.35 50.48 49.77 49.35 49.44 50.94 50.76 48.75 50.07 50.32 49.29 51.37 51.80 50.05 47.99 48.00 48.04 48.94 48.69 48.53 48.21 48.93 50.85 50.48 51.96 51.56 52.13 51.75 51.37 50.27 50.49 50.26 51.54 50.91 49.37 48.62 48.64 48.66 48.70 48.79 48.85 48.93 48.94 48.97 49.00 49.03 49.05 49.05 49.09 49.11 49.15 49.19 49.23 49.24 49.31 49.36 49.42 49.49 49.57 49.61 49.61 49.60 49.63 49.64 49.63 49.60 49.83 50.32 49.66 49.61 49.67 49.66 49.67 49.67 49.64 49.62
50.25 50.83 50.09 49.72 50.44 49.37 50.77 49.35 48.86 50.30 50.19 51.19 50.78 51.21 50.84 48.03 48.04 48.06 48.08 48.09 48.17 48.18 48.20 50.25 50.05 51.65 52.28 50.74 49.52 50.14 49.82 49.14 49.54 51.09 50.04 49.33 48.61 48.63 48.68 48.74 48.81 48.85 48.92 48.95 48.97 49.01 49.03 49.05 49.06 49.08 49.12 49.14 49.18 49.23 49.26 49.31 49.38 49.43 49.52 49.58 49.60 49.59 49.58 49.60 49.62 49.62 49.54 50.42 50.46 49.60 49.60 49.66 49.66 49.65 49.65 49.63 49.60
50.21 49.74 48.43 49.49 50.45 50.31 49.05 48.48 48.05 50.00 51.48 51.15 51.28 50.42 50.44 49.35 48.07 48.09 48.12 48.14 48.19 48.19 48.22 49.08 48.33 48.28 49.06 48.91 49.09 48.91 48.78 48.48 48.50 48.53 48.56 48.56 48.62 48.66 48.70 48.75 48.80 48.85 48.92 48.93 48.97 49.01 49.05 49.06 49.07 49.09 49.11 49.14 49.17 49.23 49.24 49.34 49.40 49.46 49.53 49.57 49.58 49.57 49.62 49.62 49.63 49.57 50.19 50.93 49.58 49.60 49.60 49.65 49.67 49.62 49.61 49.58 49.56
49.84 48.83 47.62 48.47 49.70 48.89 48.69 49.31 49.53 51.00 51.37 50.20 49.91 50.28 50.33 49.32 48.30 48.11 48.19 48.19 48.23 48.27 48.28 48.29 48.29 48.30 48.32 48.35 48.38 48.41 48.45 48.47 48.51 48.56 48.57 48.58 48.63 48.68 48.71 48.77 48.81 48.87 48.92 48.93 48.95 49.03 49.07 49.09 49.09 49.10 49.11 49.14 49.20 49.22 49.26 49.34 49.43 49.48 49.55 49.57 49.58 49.57 49.60 49.61 49.60 49.49 50.53 50.22 49.57 49.62 49.63 49.66 49.63 49.61 49.61 49.57 49.55
47.56 47.72 48.39 49.42 50.69 49.13 50.32 51.39 52.19 52.47 51.21 51.77 50.66 50.80 50.27 49.76 48.70 48.13 48.19 48.20 48.26 48.27 48.28 48.28 48.29 48.31 48.33 48.36 48.39 48.41 48.46 48.47 48.52 48.58 48.60 48.60 48.63 48.67 48.72 48.73 48.81 48.87 48.91 48.92 48.95 49.02 49.06 49.10 49.09 49.12 49.11 49.14 49.20 49.21 49.27 49.37 49.46 49.54 49.55 49.56 49.56 49.57 49.58 49.60 49.77 49.61 49.51 49.55 49.62 49.64 49.62 49.64 49.61 49.61 49.59 49.95 50.07
47.66 47.90 48.24 50.17 51.34 51.75 51.98 51.48 52.47 52.64 52.16 51.68 50.62 51.23 50.33 50.21 48.96 48.12 48.18 48.19 48.22 48.27 48.28 48.28 48.30 48.31 48.32 48.36 48.40 48.42 48.46 48.49 48.53 48.58 48.59 48.60 48.63 48.67 48.72 48.75 48.82 48.86 48.91 48.92 48.95 48.99 49.03 49.08 49.13 49.15 49.15 49.16 49.19 49.22 49.30 49.41 49.49 49.53 49.53 49.55 49.56 49.55 49.56 49.50 50.35 50.34 49.53 49.56 49.60 49.62 49.62 49.61 49.59 49.58 49.54 50.78 50.90
47.77 47.98 50.01 49.93 51.69 52.33 52.10 52.85 52.58 52.59 51.96 51.54 50.03 51.22 50.18 51.50 48.35 48.12 48.17 48.19 48.25 48.27 48.26 48.28 48.31 48.32 48.33 48.37 48.40 48.43 48.47 48.49 48.54 48.58 48.59 48.59 48.64 48.68 48.74 48.78 48.82 48.87 48.92 48.92 48.95 48.97 49.01 49.06 49.12 49.12 49.15 49.19 49.23 49.28 49.35 49.45 49.52 49.53 51.15 50.61 51.23 49.99 49.54 50.18 50.82 49.55 49.54 49.55 49.60 49.62 49.60 49.59 49.57 49.58 50.87 50.79 52.05
47.73 47.72 49.86 50.97 52.24 51.38 50.66 52.33 51.48 52.02 51.94 50.87 50.14 51.18 49.40 48.36 48.10 48.12 48.21 48.22 48.28 48.29 48.28 48.30 48.32 48.33 48.37 48.40 48.42 48.45 48.48 48.51 48.55 48.59 48.60 48.60 48.64 48.69 48.75 48.79 48.83 48.87 48.90 48.92 48.94 48.98 49.00 49.04 49.08 49.12 49.14 49.19 49.25 49.34 49.42 49.48 49.51 49.53 52.33 53.36 53.14 51.35 49.43 50.64 50.86 49.53 49.55 49.56 49.60 49.58 49.60 49.59 49.55 49.55 50.39 50.04 52.22
47.68 47.69 48.58 51.18 51.57 51.55 52.73 52.45 50.35 50.74 48.62 48.50 49.72 49.45 48.23 48.35 48.10 48.14 48.23 48.24 48.29 48.31 48.30 48.31 48.32 48.35 48.37 48.41 48.43 48.47 48.50 48.51 48.55 48.59 48.60 48.61 48.65 48.70 48.76 48.79 48.83 48.86 48.90 48.91 48.94 48.97 49.00 49.03 49.06 49.10 49.15 49.21 49.28 49.39 49.47 49.53 49.49 51.40 53.51 55.86 55.73 54.03 49.62 50.47 49.50 49.53 49.54 49.57 49.60 49.58 49.59 49.54 49.53 49.53 49.50 49.55 52.02
47.67 47.69 47.72 48.92 50.44 51.08 52.19 53.09 49.78 49.28 47.96 47.94 47.94 48.01 48.04 48.08 48.10 48.11 48.21 48.24 48.31 48.33 48.33 48.35 48.33 48.35 48.37 48.40 48.43 48.46 48.50 48.50 48.54 48.60 48.62 48.62 48.66 48.71 48.76 48.79 48.83 48.85 48.90 48.90 48.94 48.97 49.01 49.03 49.08 49.12 49.16 49.23 49.32 49.40 49.49 49.50 49.48 51.56 53.86 55.81 56.06 55.40 52.43 49.47 49.51 49.55 49.56 49.56 49.57 49.57 49.54 49.53 50.18 49.49 49.53 49.57 50.41
47.67 47.69 47.72 48.17 49.36 49.51 47.82 47.83 47.87 47.90 47.95 47.94 47.96 48.01 48.04 48.07 48.09 48.09 48.19 48.24 48.30 48.33 48.35 48.38 48.34 48.36 48.38 48.41 48.43 48.44 48.48 48.51 48.57 48.60 48.62 48.64 48.67 48.71 48.74 48.78 48.82 48.84 48.89 48.89 48.94 48.98 49.00 49.04 49.12 49.16 49.22 49.29 49.36 49.43 49.47 49.48 49.47 49.47 53.42 55.41 55.72 53.84 51.66 49.49 49.51 49.54 49.54 49.56 49.55 49.54 49.52 49.93 49.72 49.51 49.59 49.57 49.62
47.69 47.72 47.72 47.71 47.71 47.78 47.81 47.85 47.86 47.90 47.93 47.94 47.95 47.99 48.01 48.04 48.08 48.07 48.17 48.25 48.31 48.33 48.35 48.39 48.35 48.35 48.37 48.40 48.42 48.43 48.48 48.53 48.57 48.59 48.63 48.64 48.68 48.70 48.75 48.81 48.83 48.85 48.89 48.90 48.93 48.95 49.01 49.05 49.12 49.20 49.28 49.34 49.39 49.43 49.45 49.46 49.44 49.42 51.57 53.96 53.93 53.63 49.46 49.50 49.53 49.54 49.53 49.54 49.51 49.51 49.49 50.46 50.90 49.54 49.57 49.59 49.66
47.70 47.73 47.74 47.75 47.78 47.82 47.81 47.84 47.87 47.92 47.95 47.95 47.94 47.97 48.02 48.05 48.07 48.07 48.17 48.25 48.30 48.33 48.35 48.38 48.35 48.34 48.36 48.40 48.42 48.43 48.48 48.52 48.59 48.61 48.61 48.64 48.69 48.72 48.77 48.80 48.85 48.88 48.91 48.91 48.94 48.97 49.03 49.09 49.17 49.23 49.30 49.37 49.41 49.43 49.44 49.44 49.41 49.41 49.35 48.49 48.53 49.44 49.45 49.49 49.53 49.53 49.51 49.49 49.53 49.48 48.55 48.57 49.51 49.56 49.57 49.61 49.64
