samples/lidar/lidar.asc
ncols        250
nrows        250
xllcorner    277750.0
yllcorner    6122250.0
cellsize     1
NODATA_value      0
[rows 204 to 237 of 250, columns 77 to 153 of 250]
45.11 45.10 45.12 45.12 45.14 45.12 45.12 45.14 45.18 45.21 45.23 45.25 45.23 45.22 45.22 45.22 45.22 45.23 45.23 45.27 45.29 45.31 45.34 45.35 45.40 45.41 45.44 45.47 45.49 45.51 45.53 45.56 45.58 45.60 45.61 45.64 45.68 46.25 46.40 45.82 46.53 46.67 46.73 46.72 46.74 46.71 46.74 46.75 47.31 48.82 50.71 50.58 49.85 51.14 50.78 49.04 47.82 47.32 47.96 49.82 50.00 49.70 47.08 47.17 47.30 47.84 47.76 48.67 48.06 47.28 47.26 47.46 48.26 47.82 47.53 47.71 47.77
45.11 45.12 45.12 45.12 45.13 45.12 45.14 45.16 45.19 45.22 45.22 45.24 45.23 45.23 45.22 45.22 45.22 45.22 45.22 45.25 45.28 45.30 45.33 45.35 45.38 45.40 45.44 45.47 45.47 45.52 45.55 45.57 45.59 45.61 45.64 45.66 45.70 47.08 46.60 46.00 46.30 46.60 46.75 46.74 46.74 46.72 46.73 46.74 47.43 49.02 49.41 51.58 51.29 51.15 50.01 48.40 47.67 48.97 48.36 50.75 50.98 50.06 47.08 47.24 48.54 49.37 50.19 50.15 50.01 48.27 48.71 47.77 47.32 47.37 47.62 47.66 48.31
45.10 45.11 45.12 45.12 45.15 45.16 45.17 45.17 45.19 45.22 45.23 45.24 45.21 45.21 45.21 45.21 45.21 45.22 45.23 45.26 45.28 45.29 46.64 47.17 47.65 45.43 45.45 45.48 45.49 45.51 45.55 45.58 45.59 45.62 45.65 45.67 45.69 45.74 45.77 45.92 46.42 46.92 46.73 46.74 46.75 46.72 46.74 46.73 47.34 49.03 50.88 51.00 50.67 49.07 48.97 48.14 49.24 49.86 49.34 50.38 50.12 49.15 47.16 47.27 49.33 50.34 51.66 51.05 50.08 49.26 49.53 48.66 48.01 47.39 47.53 47.93 49.45
45.10 45.27 45.49 45.90 45.44 45.17 45.46 45.18 45.19 45.21 45.34 45.21 45.20 45.20 45.20 45.20 45.20 45.22 45.25 45.27 45.29 46.62 49.14 48.51 48.43 45.45 45.46 45.47 45.50 45.53 45.54 45.59 45.61 45.65 45.67 45.70 46.11 46.20 46.70 45.84 46.22 46.60 46.73 46.72 46.76 46.72 46.75 46.74 46.75 47.79 49.00 50.47 50.29 48.81 49.60 49.87 49.50 49.66 49.80 49.86 49.63 49.75 47.81 47.43 50.05 51.37 50.26 50.92 50.01 51.06 50.37 48.70 47.32 47.37 47.47 48.22 49.27
45.07 45.60 46.22 46.55 46.57 46.10 45.62 45.17 45.48 45.66 46.04 45.86 45.20 45.21 45.21 45.20 45.20 45.24 46.02 46.26 46.26 46.45 50.10 49.56 49.36 45.43 46.63 46.88 46.22 45.53 45.57 45.60 45.63 45.67 45.69 45.80 46.62 47.13 47.16 46.88 46.73 46.59 46.72 46.72 46.74 46.71 46.75 46.76 46.82 47.67 49.15 50.24 49.98 49.61 49.61 49.67 48.52 50.14 48.62 50.62 49.47 48.06 47.48 48.07 50.80 51.28 51.44 51.01 51.37 51.33 50.62 48.80 47.37 47.39 47.40 47.80 49.29
45.06 45.08 45.64 45.12 45.16 45.17 45.17 45.74 46.08 46.55 46.56 45.68 45.22 45.22 45.22 45.22 45.21 45.24 45.92 46.53 46.75 46.38 50.85 50.28 47.03 46.72 46.40 46.84 46.05 45.55 45.57 45.60 45.65 45.67 45.71 45.73 45.75 45.97 46.00 46.07 46.33 46.59 46.69 46.69 46.72 46.70 46.75 46.78 46.88 47.63 48.22 49.35 50.11 50.11 46.88 47.49 47.58 50.24 48.92 49.01 50.64 47.82 48.09 47.49 48.48 50.41 48.33 49.38 50.98 51.01 50.27 47.44 47.46 47.42 47.39 47.43 49.38
45.05 45.08 45.09 45.12 45.15 45.15 45.15 45.55 46.03 45.63 45.20 45.22 45.21 45.22 45.24 45.23 45.23 45.26 45.64 45.66 45.53 45.55 45.45 48.23 45.46 45.50 45.50 45.52 45.55 45.56 45.59 45.63 45.65 45.69 45.72 45.74 46.25 47.16 47.15 46.73 46.63 46.53 46.65 46.67 46.71 46.71 46.76 46.84 46.88 47.29 48.47 50.26 49.33 47.82 46.90 47.07 48.29 50.58 49.01 49.56 50.99 49.47 48.76 47.32 48.17 48.28 48.65 48.39 49.13 51.03 50.72 47.52 47.45 47.37 47.40 47.47 47.46
45.05 45.43 45.72 46.54 46.10 46.11 45.47 45.68 45.66 46.63 46.23 46.01 45.22 45.22 45.24 45.25 45.26 45.48 46.40 46.59 46.72 46.29 45.83 45.45 46.35 46.50 46.65 46.63 46.61 45.58 45.60 45.63 45.65 45.68 45.74 45.76 46.17 46.33 46.47 46.40 46.46 46.53 46.64 46.67 46.70 46.70 46.83 46.87 47.24 48.03 48.42 48.33 48.25 46.88 47.05 47.10 46.99 50.69 51.12 51.27 50.86 48.56 47.66 47.34 47.24 47.25 48.51 49.19 48.06 48.36 47.42 47.40 47.35 47.89 47.45 47.47 47.47
45.05 45.51 45.07 46.54 46.56 46.06 45.39 46.03 46.33 46.62 46.64 46.28 45.21 45.25 45.28 45.27 45.28 45.30 45.34 45.36 45.39 45.71 45.46 45.46 45.95 46.44 46.93 46.51 46.10 45.59 45.62 45.63 45.66 45.71 45.75 45.77 46.57 46.07 46.37 46.64 46.60 46.56 46.62 46.66 46.70 46.73 46.86 46.80 47.48 49.24 49.30 48.48 47.53 48.07 48.37 47.01 46.99 49.94 49.02 49.12 50.60 47.85 47.37 47.26 47.26 47.88 48.95 48.90 47.98 47.76 47.50 47.53 48.06 48.47 47.51 47.46 47.53
45.04 45.06 45.08 45.30 45.11 45.13 45.26 45.47 45.35 45.40 45.45 45.23 45.24 45.26 45.28 45.30 45.29 45.59 45.52 45.62 45.74 45.74 46.75 47.38 45.50 45.51 45.53 45.56 45.58 45.60 45.61 45.66 45.67 45.71 45.74 47.31 47.77 49.87 46.56 46.72 48.56 46.60 46.63 46.65 46.73 46.77 46.79 46.93 47.30 48.73 48.92 49.42 49.41 49.89 50.80 47.67 47.13 48.89 49.27 49.86 48.92 47.32 47.25 47.23 47.28 47.31 47.35 47.77 48.72 48.26 48.30 48.42 49.49 49.09 47.66 47.49 47.57
45.03 45.55 45.85 46.45 46.33 45.96 45.66 46.03 46.20 46.72 46.49 46.26 45.25 45.27 45.28 45.32 45.32 45.93 46.63 47.17 48.04 47.31 45.48 45.52 48.02 47.00 46.44 46.17 45.59 45.62 45.64 45.66 45.68 45.71 45.76 47.46 48.95 49.85 48.87 48.67 48.64 47.36 47.19 48.24 47.13 46.78 46.70 47.36 47.24 49.39 50.33 51.11 51.28 51.31 51.11 48.79 47.22 47.97 47.75 47.19 47.31 47.24 47.19 47.33 47.44 47.38 48.40 48.88 49.15 47.87 48.73 50.12 50.53 49.55 47.72 47.89 47.57
45.05 45.57 46.14 46.28 46.44 46.01 45.93 45.90 46.38 46.44 46.39 45.95 45.26 45.28 45.30 45.32 45.33 45.64 45.80 46.01 46.11 48.23 48.02 45.54 47.72 50.85 47.97 46.63 45.61 45.63 45.66 45.67 45.69 46.60 50.12 48.93 52.09 51.52 51.53 50.86 48.78 49.20 48.91 50.35 48.82 46.68 46.72 47.04 47.39 48.79 48.84 51.35 51.34 51.17 51.16 49.57 47.11 47.02 47.08 47.26 47.26 47.15 47.27 47.43 47.40 47.33 48.75 49.08 49.25 47.87 48.90 49.55 50.25 49.48 47.51 47.55 47.46
45.04 45.09 45.09 45.11 45.12 45.13 46.65 46.07 45.18 45.22 45.23 45.26 45.26 45.29 45.31 45.34 45.33 45.36 45.40 45.59 48.06 45.52 48.79 46.51 48.21 52.10 48.35 47.73 46.00 45.64 45.66 45.68 45.71 48.57 51.21 51.12 52.80 52.53 52.08 51.33 50.58 51.57 51.90 51.67 51.06 47.74 48.73 47.85 46.79 48.91 50.05 50.81 49.58 49.29 50.72 47.03 47.02 47.07 47.18 47.22 47.15 47.18 47.35 47.36 47.32 47.40 48.11 48.03 49.01 48.34 49.15 48.76 48.64 47.48 47.55 48.27 48.08
45.07 45.49 45.73 45.79 46.02 45.86 47.00 45.95 46.05 46.54 46.68 45.27 45.26 45.28 45.32 45.33 45.35 45.37 45.90 46.86 49.66 48.02 52.67 49.66 49.34 52.14 47.97 47.20 46.43 45.64 45.65 45.68 45.72 45.76 52.16 53.46 53.36 53.18 52.09 51.47 50.85 51.87 52.37 52.06 51.44 47.38 48.96 48.10 47.35 48.52 49.33 50.45 50.74 48.87 47.69 47.01 46.99 47.15 47.21 47.23 47.17 47.28 47.33 47.31 47.38 47.51 47.79 48.78 49.44 49.59 49.97 48.41 47.42 48.48 48.34 49.30 49.12
45.06 45.91 46.03 46.20 46.58 46.19 45.51 45.65 46.28 46.83 46.48 45.27 45.27 45.29 45.30 45.34 45.35 45.38 45.56 45.93 47.95 45.92 46.84 45.58 47.63 49.81 47.23 46.16 46.17 45.64 45.64 45.68 45.72 45.77 52.04 53.18 53.21 53.02 51.99 50.63 50.84 51.95 52.32 52.14 51.41 47.69 47.55 48.53 48.35 48.94 48.56 48.09 48.34 47.03 46.99 46.93 47.05 47.21 47.12 47.12 47.25 47.31 48.12 48.07 48.01 47.50 48.11 49.33 49.48 48.90 48.57 47.41 48.07 49.55 50.80 50.82 49.50
45.05 45.10 45.44 45.13 45.33 45.15 45.16 45.17 45.20 45.24 45.26 45.28 45.28 45.31 45.32 45.34 45.36 45.38 45.63 46.38 46.19 46.72 46.11 48.56 46.83 50.81 47.02 46.17 46.29 45.67 45.67 45.70 45.74 45.78 45.82 49.38 52.42 52.22 50.92 50.28 50.59 51.49 52.05 51.55 50.52 48.41 48.70 50.27 50.66 48.12 48.22 47.28 46.97 47.41 47.20 46.93 47.12 47.14 47.06 47.16 47.29 47.37 48.36 48.74 48.45 47.36 48.48 48.51 49.64 48.24 48.01 47.88 49.28 50.66 52.10 51.51 47.56
45.05 45.11 45.95 46.12 46.07 46.06 45.58 45.54 46.18 45.25 45.86 45.28 45.27 45.29 45.33 45.35 45.38 45.41 45.70 46.60 46.88 46.87 46.38 45.57 46.33 46.68 47.04 46.78 46.53 45.67 45.68 45.72 45.75 45.80 45.83 46.92 50.41 49.64 49.53 46.82 50.39 49.31 51.34 51.24 51.21 49.46 50.45 50.59 50.49 48.20 47.74 47.22 47.20 48.91 48.88 48.57 47.12 47.03 47.12 47.24 49.26 48.36 48.09 48.14 47.97 47.31 49.11 49.42 48.48 48.19 47.48 47.48 50.59 52.38 52.32 52.11 51.48
45.05 45.10 46.12 46.62 46.56 46.08 45.18 46.21 46.62 46.39 46.17 45.28 45.29 45.32 45.33 45.37 45.38 45.41 45.43 45.72 45.90 46.21 45.64 45.58 45.96 45.62 46.13 45.65 45.68 45.69 45.71 45.74 45.77 45.81 45.85 46.00 46.22 46.25 46.52 46.22 47.37 48.52 49.45 51.25 51.04 48.23 50.47 50.10 49.69 47.54 48.03 48.71 47.85 50.07 50.35 49.23 47.01 47.08 47.19 47.21 49.81 50.72 49.48 49.29 47.27 47.34 50.15 50.61 47.37 47.46 47.49 47.37 49.62 52.10 52.38 51.54 51.26
45.04 45.08 45.09 45.13 45.15 45.15 45.17 45.18 45.50 45.50 45.28 45.29 45.30 45.30 45.33 45.39 45.41 45.43 45.45 46.22 47.01 46.99 46.25 45.59 46.49 46.78 47.08 46.92 46.77 45.71 45.72 45.77 45.79 45.83 45.88 46.32 46.90 47.31 47.38 47.06 47.57 48.08 48.23 50.87 50.21 48.50 47.51 49.33 47.23 47.53 48.92 49.45 50.14 50.39 50.93 49.79 48.27 47.85 47.18 48.48 50.37 51.25 51.17 50.65 47.29 47.45 48.30 47.35 48.24 48.32 47.37 47.35 48.59 51.52 51.29 51.13 48.96
45.04 45.44 45.86 46.02 46.02 45.95 45.20 47.07 46.13 46.69 46.66 46.06 45.30 45.33 45.37 45.40 45.42 45.43 45.47 45.86 46.02 46.25 45.58 45.60 45.77 45.63 45.68 45.68 45.70 45.73 45.75 45.78 45.81 45.85 45.88 46.13 46.45 46.86 46.95 46.56 46.59 46.63 47.47 49.82 46.80 46.86 47.06 47.23 46.82 46.95 48.45 49.03 50.26 50.75 50.66 50.00 49.62 49.95 48.35 49.13 49.79 50.85 49.08 49.62 47.36 47.87 49.63 48.66 49.16 48.16 47.34 47.41 47.48 48.57 50.18 49.67 48.96
45.06 45.35 45.78 46.47 46.51 47.26 46.55 45.20 45.23 45.75 45.52 45.29 45.31 45.34 45.37 45.41 45.43 45.46 45.64 46.67 46.17 45.55 46.01 45.63 46.60 47.06 46.70 46.40 46.25 45.76 45.76 45.79 45.82 45.88 45.90 45.93 47.69 46.70 46.62 46.61 46.60 46.59 46.66 46.71 46.86 46.84 46.73 46.77 46.91 46.87 48.43 51.30 51.15 49.72 47.90 50.13 49.86 49.59 48.59 50.65 50.23 50.25 50.88 48.27 47.41 48.54 50.75 50.20 49.54 48.16 47.92 47.51 47.89 49.03 50.55 49.66 48.84
45.05 45.09 45.12 45.46 45.38 45.18 45.18 45.48 45.53 45.45 45.72 45.31 45.33 45.35 45.38 45.42 45.45 45.47 45.66 46.72 46.19 46.11 46.02 45.63 46.66 47.08 46.36 46.62 46.09 45.77 45.79 45.82 45.85 45.90 49.15 49.34 49.77 50.16 47.37 46.90 47.18 47.45 47.33 47.10 46.82 46.72 46.74 46.91 46.88 46.83 46.88 49.86 50.61 49.53 49.15 49.66 49.51 48.69 48.43 48.25 48.17 48.06 48.09 47.40 47.32 48.97 50.93 49.42 49.08 48.73 48.77 48.76 48.37 49.64 50.72 51.00 49.88
45.06 46.47 46.58 46.96 46.42 46.34 47.81 46.12 46.55 46.70 46.45 45.33 45.32 45.38 45.40 45.40 45.46 45.47 45.52 45.84 46.00 45.58 46.00 45.83 46.21 46.31 46.35 46.13 45.78 45.81 45.82 45.85 45.89 45.93 50.53 52.45 50.32 51.41 48.42 46.18 47.07 47.95 48.27 48.56 47.47 46.73 46.84 46.92 46.90 46.86 46.96 48.27 48.85 48.96 49.24 48.83 48.29 47.81 47.30 47.36 47.19 47.24 47.32 48.01 47.48 49.07 50.55 48.16 48.41 48.87 49.34 49.47 48.46 50.80 50.65 50.63 49.64
45.04 45.54 46.92 46.93 47.74 50.43 46.82 48.85 45.23 45.28 45.86 45.34 45.34 45.39 45.41 45.45 45.46 45.49 45.92 47.23 47.11 46.86 46.62 46.26 46.49 47.03 46.90 46.14 45.81 45.83 45.84 45.88 45.92 45.96 51.63 51.17 52.62 53.10 49.73 46.47 47.49 48.50 48.93 50.35 49.17 49.07 46.88 46.83 46.87 46.97 47.00 46.97 47.84 48.81 48.59 48.42 47.65 47.21 47.26 47.20 47.28 47.33 48.00 49.77 48.62 49.88 49.71 49.44 49.28 48.91 48.97 47.33 49.48 51.01 50.55 49.08 49.04
45.06 45.62 45.79 45.76 47.98 49.99 50.56 48.46 45.69 45.87 45.86 45.59 45.36 45.40 45.42 45.45 45.48 45.50 45.70 46.38 47.19 47.99 48.15 47.85 47.32 46.15 45.74 46.13 45.83 45.86 45.87 45.91 45.93 45.97 51.07 53.43 53.76 51.08 48.84 46.60 47.31 48.03 49.23 50.28 51.21 50.55 46.81 46.78 46.90 46.99 46.94 46.96 47.06 47.15 48.65 48.11 47.15 47.22 47.16 47.15 47.34 47.33 48.47 50.44 50.06 48.58 49.58 50.47 50.65 49.72 48.41 47.42 49.38 49.94 49.59 48.58 48.54
45.06 45.47 46.29 46.53 48.29 48.97 45.21 50.58 46.14 46.38 46.17 45.73 45.35 45.41 45.44 45.46 45.48 45.52 45.53 46.07 47.17 47.66 50.85 51.01 49.92 46.44 47.17 46.85 45.85 45.87 45.90 45.94 45.97 45.99 46.02 49.49 52.96 52.17 47.72 48.01 47.64 47.27 50.76 51.21 51.52 51.05 46.77 46.82 46.95 46.94 46.93 47.04 47.10 47.72 47.89 47.60 47.26 47.17 47.16 47.24 47.29 47.34 48.20 50.19 49.75 47.33 50.11 50.44 50.56 50.14 49.92 48.81 48.46 49.27 49.32 48.65 48.09
45.04 45.31 45.10 45.11 45.17 48.26 49.47 47.99 45.26 45.42 45.69 45.35 45.37 45.41 45.44 45.48 45.49 45.52 45.55 46.35 48.37 53.11 51.31 49.88 52.43 46.41 45.79 45.80 45.87 45.89 45.92 45.96 45.97 46.00 46.03 46.07 47.98 48.06 47.68 48.02 47.32 46.61 49.03 51.16 51.41 51.11 46.86 46.95 46.94 46.92 46.95 47.08 47.09 47.11 47.23 47.27 47.27 47.19 47.27 47.31 47.26 47.28 47.33 48.05 47.97 49.09 48.97 49.25 50.30 50.09 49.65 49.68 49.42 49.28 49.51 48.80 48.51
45.05 45.31 46.26 46.46 46.38 47.13 49.12 47.70 47.20 46.69 46.80 45.96 45.38 45.42 45.45 45.48 45.52 45.54 45.58 45.64 47.53 48.40 53.58 49.81 49.66 48.53 45.80 46.35 45.94 45.91 45.93 45.94 45.99 46.01 46.06 46.53 46.71 46.95 47.15 46.95 46.77 46.58 48.45 49.93 50.41 50.82 46.97 46.98 46.98 47.02 47.05 47.13 47.12 47.16 47.23 47.27 47.26 47.27 47.35 47.33 47.32 47.37 47.40 47.40 47.37 50.17 49.14 48.90 48.03 49.46 50.26 48.97 48.25 48.24 50.06 49.58 48.08
45.04 45.37 46.42 46.61 46.53 48.38 47.59 47.53 50.31 46.27 46.07 45.34 45.39 45.44 45.47 45.49 45.52 45.54 45.56 46.59 49.29 50.95 52.79 48.95 49.93 50.90 47.03 46.65 46.05 45.90 45.94 45.97 45.99 46.01 46.06 46.89 47.39 47.90 48.05 48.09 47.33 46.56 46.86 46.88 48.87 48.03 46.96 46.97 46.99 47.04 47.10 47.13 47.17 47.20 47.25 47.28 47.28 47.32 47.35 47.35 47.38 47.40 47.39 47.39 47.42 47.47 48.12 48.03 47.49 47.54 47.53 47.63 47.58 47.61 47.62 47.63 47.67
45.06 45.43 45.48 45.18 48.52 46.89 47.68 47.90 48.51 46.02 45.80 45.54 45.40 45.45 45.48 45.50 45.54 45.57 45.60 45.97 45.65 45.65 46.63 46.69 45.76 46.29 46.08 45.84 45.87 45.91 45.92 45.95 45.99 46.01 46.06 46.10 46.47 46.30 46.47 46.20 46.40 46.60 46.82 46.85 46.89 46.91 46.92 46.96 46.98 47.02 47.08 47.13 47.19 47.20 47.24 47.27 47.29 47.33 47.34 47.35 47.39 47.40 47.40 47.40 47.43 47.46 47.46 47.47 47.50 47.53 47.56 47.57 47.59 47.60 47.61 47.64 47.67
45.07 46.65 46.64 46.56 50.35 46.99 48.01 47.52 47.24 46.97 47.04 47.03 45.40 45.45 45.49 45.50 45.55 45.58 45.60 46.66 47.06 46.85 46.65 46.79 46.79 47.22 47.12 46.58 45.91 45.91 45.94 45.97 46.00 46.03 46.76 48.13 49.59 47.52 47.31 47.01 46.80 46.59 46.78 46.79 46.86 46.89 46.92 46.95 46.97 47.01 47.08 47.15 47.16 47.18 47.21 47.26 47.30 47.31 47.34 47.36 47.39 47.39 47.41 47.42 47.44 47.46 47.44 47.48 47.51 47.53 47.53 47.54 47.58 47.59 47.59 47.62 47.63
45.08 45.72 45.51 45.19 49.99 46.97 47.57 47.04 47.31 45.26 45.34 45.36 45.41 45.45 45.49 45.51 45.55 45.58 45.60 46.15 46.33 45.69 45.70 46.26 46.28 46.83 46.28 46.73 45.90 45.93 45.96 45.99 46.01 46.06 48.87 49.44 52.02 49.14 47.67 46.44 46.54 46.64 46.80 46.79 46.83 46.87 46.88 46.94 46.98 47.03 47.09 47.15 47.18 47.20 47.23 47.26 47.31 47.30 47.32 47.34 47.37 47.41 47.40 47.43 47.45 47.47 47.47 47.48 47.51 47.52 47.54 47.53 47.57 47.60 47.59 47.64 47.64
45.08 45.11 46.02 45.17 45.32 45.46 45.25 45.22 47.55 46.26 45.91 45.93 45.42 45.46 45.50 45.52 45.56 45.59 46.14 46.17 46.29 46.52 46.18 46.43 45.79 46.29 46.73 46.40 45.92 45.96 45.97 45.98 46.03 48.10 50.24 53.74 53.91 51.25 49.77 46.42 46.56 46.70 46.79 46.82 46.84 46.85 46.88 46.94 46.98 47.04 47.09 47.17 47.18 47.19 47.22 47.25 47.26 47.28 47.30 47.32 47.37 47.39 47.38 47.44 47.45 47.48 47.50 47.49 47.52 47.54 47.56 47.57 47.58 47.58 47.60 47.64 47.65
45.09 45.11 46.79 47.21 46.42 45.22 45.25 46.30 46.72 46.71 46.30 45.93 45.42 45.47 45.51 45.53 45.58 45.58 46.25 46.55 46.75 46.96 46.76 47.23 45.81 46.92 47.22 46.77 45.94 45.97 45.97 46.00 46.03 48.55 50.95 51.31 53.84 53.35 51.01 46.50 46.65 46.81 46.80 46.83 46.86 46.87 46.90 46.96 46.98 47.03 47.09 47.14 47.15 47.17 47.21 47.22 47.23 47.25 47.28 47.29 47.34 47.37 47.38 47.42 47.46 47.49 47.49 47.51 47.53 47.55 47.57 47.58 47.60 47.60 47.60 47.66 47.67
